3 0.5432692307692307 0.3870192307692308 0.09615384615384616 0.14543269230769232
1 0.3389423076923077 0.39783653846153844 0.0985576923076923 0.18870192307692307
3 0.5925480769230769 0.6574519230769231 0.16105769230769232 0.24879807692307693
1 0.25961538461538464 0.7211538461538461 0.15264423076923078 0.2848557692307692
2 0.5120192307692307 0.12259615384615384 0.036057692307692304 0.06490384615384616
2 0.4375 0.12620192307692307 0.04927884615384615 0.08653846153846154
2 0.5348557692307693 0.1622596153846154 0.046875 0.07211538461538461
2 0.4170673076923077 0.16466346153846154 0.05889423076923077 0.08052884615384616
1 0.3918269230769231 0.19471153846153846 0.04807692307692308 0.0985576923076923
3 0.5240384615384616 0.25600961538461536 0.08173076923076923 0.125
1 0.38341346153846156 0.27283653846153844 0.07211538461538461 0.15384615384615385